Hydrogen,Carbon,Oxygen,Nitrogen,Sulfur,Others,ALA,ARG,ASN,ASP,CYS,GLU,GLN,GLY,HIS,ILE,LEU,LYS,MET,PHE,PRO,SER,THR,TRP,TYR,VAL,CU,MG,SE,HEA,TRP,TRD,DMU,Others,X,Y,Z
0,1,0,0,0,0,0,0,0,0,0,0,0,0,0,0,0,0,0,0,0,0,0,0,1,0,0,0,0,0,0,0,0,0,5.954,-40.659,7.068
